[[0, 2, 6], [1, 5, 9], [0, 4, 6], [1, 5, 7], [2, 6, 8]]
[[3, 7, 9], [0, 4, 8], [3, 5, 9], [2, 4, 8], [1, 3, 7]]
[[0, 4, 6], [1, 5, 7], [2, 6, 8], [3, 7, 9], [0, 4, 8]]
[[3, 5, 9], [2, 4, 8], [1, 3, 7], [0, 2, 6], [1, 5, 9]]
[[0, 4, 8], [3, 5, 9], [2, 4, 8], [1, 3, 7], [0, 2, 6]]
[[1, 5, 9], [0, 4, 6], [1, 5, 7], [2, 6, 8], [3, 7, 9]]
[[1, 3, 7], [0, 2, 6], [1, 5, 9], [0, 4, 6], [1, 5, 7]]
[[2, 6, 8], [3, 7, 9], [0, 4, 8], [3, 5, 9], [2, 4, 8]]
[[1, 5, 7], [2, 6, 8], [3, 7, 9], [0, 4, 8], [3, 5, 9]]
[[2, 4, 8], [1, 3, 7], [0, 2, 6], [1, 5, 9], [0, 4, 6]]
